8.579 8.738 8.888 9.033 9.174 9.311 9.445 9.577 9.709 9.841 9.976 10.11 10.236 10.379 10.559 10.777 11.022 11.281 11.55 11.83 12.128 12.452 12.813 13.251 13.507 13.787 14.08 14.368 14.646 14.902 15.123 15.335 15.56 15.816 16.119 16.47 
5.41 6.077 6.533 6.93 7.307 7.721 7.934 8.772 9.478 9.91 9.985 10.062 10.141 10.221 10.304 10.388 10.475 10.565 10.658 10.748 10.833 10.934 11.064 11.226 11.416 11.625 11.847 12.081 12.332 12.603 12.901 13.239 13.644 13.881 14.144 14.418 14.689 14.952 15.188 15.403 15.617 15.846 16.106 16.412 16.767 
5.304 5.781 6.214 6.563 6.835 7.091 7.344 7.592 7.852 8.136 8.481 8.988 9.516 10.054 10.414 10.478 10.543 10.61 10.679 10.75 10.824 10.9 10.979 11.057 11.132 11.21 11.316 11.448 11.606 11.788 11.985 12.196 12.42 12.661 12.922 13.21 13.539 13.933 14.164 14.418 14.681 14.944 15.196 15.423 15.636 15.851 16.083 16.347 16.655 17.013 
5.624 6.303 6.592 6.853 7.107 7.334 7.561 7.794 8.021 8.248 8.481 8.731 9.024 9.463 9.932 10.419 10.75 10.809 10.871 10.933 10.998 11.065 11.136 11.209 11.281 11.349 11.417 11.501 11.61 11.742 11.899 12.076 12.268 12.472 12.691 12.927 13.183 13.467 13.791 14.181 14.41 14.657 14.913 15.169 15.412 15.634 15.846 16.062 16.295 16.563 16.875 17.234 
6.423 6.898 7.322 7.53 7.729 7.916 8.09 8.258 8.426 8.59 8.761 8.944 9.148 9.408 9.804 10.246 10.709 11.026 11.083 11.143 11.203 11.266 11.332 11.4 11.468 11.535 11.596 11.664 11.755 11.866 11.998 12.155 12.33 12.518 12.72 12.935 13.167 13.42 13.7 14.022 14.409 14.636 14.879 15.13 15.379 15.617 15.836 16.046 16.262 16.497 16.769 17.084 17.445 
7.068 7.463 7.805 8.092 8.227 8.355 8.482 8.608 8.734 8.863 8.999 9.138 9.303 9.488 9.727 10.094 10.523 10.973 11.281 11.337 11.395 11.455 11.517 11.581 11.646 11.709 11.769 11.83 11.902 11.998 12.11 12.244 12.4 12.573 12.759 12.958 13.17 13.399 13.649 13.926 14.246 14.634 14.858 15.096 15.344 15.588 15.821 16.037 16.247 16.464 16.7 16.976 17.294 17.657 
7.525 7.755 7.998 8.217 8.422 8.618 8.714 8.814 8.911 9.012 9.117 9.227 9.342 9.47 9.614 9.787 10.012 10.368 10.788 11.228 11.532 11.587 11.645 11.704 11.765 11.827 11.889 11.947 12.002 12.066 12.144 12.241 12.355 12.491 12.647 12.818 13.002 13.198 13.407 13.633 13.881 14.156 14.475 14.862 15.085 15.32 15.564 15.804 16.031 16.246 16.456 16.673 16.912 17.191 17.512 17.876 
7.963 8.159 8.34 8.511 8.681 8.843 9.007 9.091 9.176 9.261 9.353 9.449 9.55 9.66 9.779 9.916 10.079 10.297 10.645 11.058 11.492 11.793 11.848 11.904 11.962 12.022 12.082 12.14 12.193 12.247 12.314 12.398 12.497 12.613 12.749 12.905 13.075 13.256 13.45 13.657 13.881 14.125 14.398 14.717 15.105 15.325 15.558 15.799 16.035 16.258 16.471 16.682 16.9 17.142 17.423 17.747 18.11 
9.394 9.467 9.542 9.621 9.706 9.793 9.886 9.988 10.102 10.232 10.391 10.603 10.941 11.35 11.78 12.078 12.132 12.188 12.245 12.302 12.358 12.411 12.463 12.518 12.591 12.679 12.779 12.896 13.034 13.189 13.357 13.537 13.728 13.933 14.154 14.396 14.668 14.987 15.375 15.594 15.824 16.062 16.293 16.514 16.725 16.935 17.155 17.405 17.684 18.01 18.373 
10.462 10.529 10.6 10.678 10.766 10.859 10.963 11.082 11.228 11.426 11.716 12.118 12.542 12.836 12.888 12.94 12.991 13.041 13.087 13.133 13.189 13.259 13.34 13.431 13.535 13.657 13.796 13.949 14.113 14.287 14.473 14.672 14.888 15.125 15.396 15.718 16.106 16.323 16.549 16.778 17.0 17.214 17.423 17.633 17.857 18.124 18.402 18.729 19.09 
