8.464 8.629 8.785 8.937 9.084 9.228 9.37 9.51 9.65 9.791 9.936 10.081 10.218 10.375 10.571 10.808 11.073 11.354 11.648 11.958 12.293 12.663 13.084 13.604 13.91 14.246 14.599 14.951 15.295 15.614 15.885 16.13 16.363 16.584 16.802 17.028 
5.149 5.819 6.278 6.679 7.062 7.486 7.719 8.589 9.335 9.797 9.879 9.962 10.047 10.134 10.224 10.316 10.41 10.509 10.612 10.711 10.806 10.918 11.062 11.241 11.449 11.676 11.92 12.179 12.46 12.768 13.112 13.512 14.001 14.288 14.606 14.939 15.274 15.6 15.894 16.156 16.4 16.628 16.845 17.059 17.285 
5.034 5.512 5.947 6.298 6.571 6.829 7.085 7.336 7.601 7.891 8.247 8.774 9.334 9.911 10.302 10.372 10.444 10.518 10.593 10.672 10.753 10.838 10.925 11.012 11.096 11.184 11.301 11.447 11.622 11.82 12.037 12.269 12.518 12.788 13.086 13.422 13.815 14.293 14.573 14.882 15.204 15.529 15.843 16.126 16.383 16.624 16.85 17.064 17.275 17.502 
5.35 6.031 6.322 6.584 6.839 7.068 7.297 7.532 7.762 7.992 8.23 8.487 8.79 9.248 9.75 10.277 10.639 10.705 10.772 10.842 10.913 10.988 11.066 11.147 11.229 11.304 11.381 11.476 11.596 11.742 11.915 12.109 12.319 12.545 12.788 13.054 13.348 13.68 14.069 14.543 14.821 15.123 15.438 15.754 16.058 16.334 16.587 16.826 17.049 17.261 17.472 17.699 
6.147 6.624 7.05 7.259 7.46 7.649 7.824 7.994 8.164 8.331 8.506 8.693 8.903 9.174 9.589 10.064 10.568 10.916 10.98 11.045 11.113 11.183 11.256 11.331 11.408 11.482 11.551 11.628 11.73 11.853 11.999 12.171 12.362 12.569 12.792 13.032 13.294 13.584 13.914 14.301 14.773 15.05 15.346 15.655 15.965 16.261 16.532 16.783 17.018 17.238 17.45 17.663 17.89 
6.79 7.187 7.53 7.82 7.956 8.086 8.214 8.341 8.469 8.601 8.74 8.883 9.052 9.244 9.492 9.88 10.341 10.831 11.172 11.234 11.299 11.365 11.434 11.506 11.578 11.65 11.717 11.785 11.866 11.973 12.098 12.245 12.417 12.606 12.81 13.03 13.267 13.525 13.813 14.141 14.527 14.999 15.273 15.565 15.87 16.174 16.464 16.73 16.979 17.212 17.426 17.641 17.856 18.084 
7.244 7.476 7.72 7.94 8.147 8.345 8.443 8.544 8.643 8.745 8.853 8.965 9.083 9.215 9.363 9.543 9.778 10.154 10.607 11.088 11.424 11.485 11.549 11.614 11.682 11.753 11.822 11.887 11.949 12.021 12.108 12.217 12.343 12.492 12.663 12.85 13.052 13.269 13.503 13.76 14.045 14.371 14.757 15.23 15.501 15.789 16.091 16.39 16.673 16.937 17.184 17.414 17.626 17.841 18.058 18.287 
7.681 7.878 8.06 8.233 8.404 8.568 8.734 8.82 8.906 8.992 9.087 9.185 9.288 9.401 9.523 9.665 9.835 10.063 10.43 10.876 11.352 11.685 11.746 11.809 11.874 11.94 12.008 12.073 12.133 12.193 12.269 12.363 12.473 12.6 12.75 12.921 13.107 13.306 13.52 13.752 14.006 14.29 14.615 15.001 15.474 15.743 16.028 16.327 16.62 16.899 17.159 17.404 17.632 17.847 18.058 18.276 18.506 
9.121 9.196 9.272 9.353 9.439 9.528 9.624 9.729 9.846 9.981 10.147 10.368 10.727 11.168 11.64 11.971 12.031 12.093 12.157 12.221 12.284 12.344 12.402 12.464 12.546 12.644 12.755 12.884 13.035 13.205 13.389 13.586 13.798 14.027 14.279 14.561 14.885 15.273 15.745 16.013 16.296 16.591 16.879 17.153 17.411 17.653 17.879 18.105 18.303 18.521 18.752 
10.191 10.26 10.333 10.413 10.504 10.6 10.707 10.831 10.984 11.192 11.501 11.936 12.403 12.73 12.788 12.846 12.904 12.96 13.011 13.063 13.126 13.204 13.294 13.395 13.511 13.644 13.796 13.964 14.143 14.335 14.541 14.766 15.013 15.292 15.616 16.008 16.48 16.745 17.024 17.308 17.585 17.85 18.101 18.336 18.558 18.808 18.983 19.198 19.433 
