8.729 8.881 9.023 9.16 9.292 9.419 9.543 9.664 9.783 9.902 10.02 10.134 10.238 10.353 10.496 10.674 10.876 11.091 11.315 11.55 11.799 12.067 12.362 12.722 12.935 13.169 13.415 13.656 13.888 14.105 14.297 14.491 14.713 14.992 15.346 15.782 
5.742 6.406 6.858 7.25 7.62 8.022 8.213 9.009 9.662 10.054 10.122 10.19 10.26 10.332 10.404 10.478 10.553 10.629 10.706 10.778 10.844 10.921 11.021 11.148 11.301 11.47 11.651 11.844 12.05 12.273 12.515 12.786 13.113 13.307 13.524 13.751 13.976 14.195 14.395 14.583 14.781 15.011 15.299 15.663 16.111 
5.648 6.123 6.554 6.901 7.17 7.424 7.674 7.917 8.171 8.448 8.781 9.265 9.751 10.234 10.554 10.61 10.667 10.725 10.785 10.846 10.908 10.971 11.036 11.098 11.154 11.213 11.293 11.395 11.52 11.666 11.825 11.997 12.181 12.378 12.591 12.823 13.085 13.401 13.589 13.797 14.014 14.231 14.441 14.633 14.821 15.021 15.258 15.554 15.927 16.382 
5.974 6.649 6.937 7.196 7.448 7.672 7.897 8.127 8.35 8.573 8.8 9.042 9.323 9.738 10.165 10.597 10.887 10.938 10.991 11.045 11.1 11.156 11.214 11.274 11.331 11.383 11.434 11.498 11.581 11.683 11.807 11.949 12.105 12.272 12.451 12.644 12.852 13.079 13.337 13.648 13.833 14.035 14.245 14.456 14.659 14.847 15.034 15.237 15.478 15.783 16.162 16.624 
6.775 7.248 7.669 7.875 8.072 8.258 8.429 8.594 8.759 8.919 9.086 9.263 9.458 9.706 10.078 10.477 10.886 11.161 11.21 11.26 11.311 11.364 11.419 11.474 11.528 11.579 11.625 11.676 11.745 11.831 11.935 12.059 12.2 12.353 12.518 12.695 12.884 13.089 13.312 13.566 13.875 14.059 14.256 14.461 14.667 14.864 15.05 15.237 15.443 15.689 16.0 16.386 16.853 
7.423 7.816 8.155 8.44 8.572 8.699 8.824 8.947 9.07 9.196 9.328 9.463 9.621 9.798 10.024 10.368 10.753 11.147 11.413 11.461 11.51 11.56 11.611 11.663 11.715 11.765 11.81 11.856 11.91 11.983 12.071 12.176 12.301 12.441 12.593 12.756 12.93 13.117 13.318 13.538 13.79 14.099 14.28 14.473 14.675 14.876 15.069 15.253 15.441 15.65 15.901 16.217 16.608 17.081 
7.885 8.114 8.354 8.571 8.773 8.965 9.06 9.157 9.253 9.351 9.454 9.56 9.671 9.795 9.932 10.097 10.308 10.641 11.017 11.401 11.662 11.708 11.756 11.805 11.855 11.905 11.954 11.998 12.04 12.088 12.147 12.223 12.312 12.419 12.545 12.684 12.835 12.995 13.167 13.351 13.55 13.767 14.018 14.326 14.505 14.696 14.895 15.092 15.281 15.464 15.654 15.864 16.121 16.443 16.838 17.316 
8.325 8.52 8.699 8.868 9.035 9.194 9.355 9.437 9.52 9.602 9.692 9.786 9.883 9.989 10.103 10.234 10.388 10.593 10.916 11.285 11.663 11.92 11.966 12.013 12.06 12.108 12.156 12.2 12.241 12.281 12.333 12.398 12.475 12.566 12.675 12.8 12.939 13.088 13.247 13.417 13.598 13.794 14.009 14.26 14.568 14.745 14.933 15.13 15.323 15.509 15.691 15.882 16.096 16.357 16.685 17.086 17.566 
9.742 9.813 9.886 9.963 10.045 10.129 10.218 10.317 10.425 10.549 10.699 10.898 11.212 11.576 11.949 12.202 12.247 12.293 12.339 12.384 12.428 12.468 12.507 12.55 12.606 12.674 12.753 12.846 12.957 13.083 13.22 13.368 13.525 13.693 13.872 14.065 14.278 14.529 14.837 15.013 15.199 15.393 15.582 15.766 15.948 16.139 16.357 16.623 16.958 17.364 17.846 
10.806 10.871 10.939 11.014 11.098 11.187 11.285 11.399 11.535 11.72 11.984 12.341 12.706 12.953 12.995 13.036 13.076 13.114 13.149 13.185 13.228 13.282 13.346 13.418 13.501 13.599 13.713 13.839 13.975 14.118 14.271 14.434 14.607 14.794 15.005 15.258 15.566 15.74 15.922 16.108 16.29 16.47 16.651 16.847 17.075 17.352 17.703 18.119 18.602 
