9.075 9.226 9.368 9.504 9.636 9.762 9.885 10.005 10.123 10.24 10.358 10.471 10.574 10.688 10.833 11.014 11.219 11.439 11.667 11.904 12.156 12.428 12.727 13.092 13.308 13.546 13.796 14.042 14.28 14.501 14.695 14.887 15.106 15.385 15.76 16.254 
6.095 6.76 7.211 7.602 7.972 8.372 8.562 9.355 10.005 10.394 10.462 10.53 10.599 10.67 10.741 10.814 10.888 10.963 11.039 11.111 11.176 11.253 11.354 11.484 11.64 11.813 11.998 12.194 12.404 12.63 12.875 13.151 13.483 13.68 13.901 14.132 14.362 14.586 14.789 14.978 15.173 15.401 15.692 16.083 16.597 
6.002 6.477 6.908 7.255 7.524 7.777 8.026 8.27 8.523 8.799 9.13 9.612 10.094 10.575 10.892 10.947 11.004 11.061 11.119 11.179 11.24 11.303 11.367 11.428 11.484 11.543 11.624 11.728 11.855 12.005 12.169 12.344 12.531 12.732 12.948 13.183 13.449 13.77 13.961 14.174 14.395 14.616 14.831 15.026 15.213 15.412 15.645 15.948 16.352 16.88 
6.328 7.003 7.291 7.55 7.801 8.026 8.25 8.48 8.702 8.924 9.151 9.393 9.671 10.084 10.507 10.936 11.223 11.273 11.325 11.378 11.432 11.487 11.544 11.603 11.659 11.711 11.762 11.826 11.91 12.015 12.142 12.288 12.448 12.619 12.801 12.997 13.208 13.439 13.7 14.017 14.206 14.411 14.626 14.841 15.047 15.238 15.425 15.626 15.864 16.177 16.593 17.134 
7.13 7.602 8.024 8.229 8.426 8.611 8.782 8.947 9.111 9.271 9.437 9.613 9.808 10.053 10.422 10.818 11.223 11.494 11.542 11.592 11.642 11.694 11.747 11.802 11.856 11.906 11.951 12.003 12.073 12.159 12.266 12.394 12.539 12.696 12.864 13.044 13.237 13.445 13.671 13.93 14.244 14.431 14.632 14.842 15.051 15.252 15.44 15.627 15.83 16.074 16.396 16.821 17.373 
7.778 8.171 8.51 8.794 8.926 9.053 9.177 9.3 9.422 9.548 9.68 9.814 9.971 10.147 10.37 10.711 11.093 11.483 11.745 11.792 11.84 11.889 11.939 11.99 12.042 12.09 12.135 12.18 12.236 12.31 12.399 12.507 12.636 12.78 12.936 13.102 13.279 13.469 13.673 13.897 14.154 14.468 14.652 14.849 15.055 15.26 15.457 15.642 15.83 16.035 16.285 16.615 17.048 17.61 
8.24 8.468 8.708 8.925 9.127 9.319 9.413 9.511 9.606 9.703 9.806 9.912 10.022 10.145 10.282 10.445 10.654 10.983 11.356 11.735 11.992 12.037 12.084 12.132 12.181 12.231 12.278 12.322 12.364 12.411 12.472 12.548 12.64 12.75 12.879 13.022 13.177 13.341 13.516 13.703 13.905 14.126 14.381 14.695 14.878 15.072 15.275 15.476 15.668 15.852 16.04 16.248 16.504 16.842 17.283 17.853 
8.68 8.875 9.053 9.222 9.389 9.548 9.708 9.79 9.873 9.955 10.045 10.137 10.234 10.34 10.453 10.583 10.736 10.939 11.258 11.622 11.996 12.248 12.293 12.339 12.386 12.433 12.479 12.524 12.564 12.604 12.656 12.721 12.8 12.893 13.005 13.135 13.277 13.43 13.592 13.765 13.95 14.149 14.368 14.623 14.937 15.118 15.309 15.509 15.706 15.895 16.078 16.267 16.478 16.74 17.087 17.536 18.112 
10.095 10.166 10.239 10.315 10.397 10.48 10.569 10.667 10.775 10.898 11.046 11.242 11.552 11.912 12.279 12.528 12.573 12.617 12.663 12.707 12.75 12.79 12.829 12.871 12.927 12.997 13.077 13.173 13.287 13.416 13.558 13.709 13.87 14.041 14.223 14.419 14.637 14.892 15.206 15.385 15.575 15.772 15.965 16.151 16.333 16.523 16.737 17.007 17.362 17.821 18.399 
11.158 11.222 11.29 11.364 11.448 11.536 11.633 11.745 11.88 12.062 12.322 12.673 13.032 13.274 13.315 13.356 13.396 13.433 13.468 13.503 13.547 13.601 13.666 13.739 13.824 13.925 14.042 14.172 14.311 14.459 14.615 14.781 14.957 15.148 15.363 15.621 15.935 16.112 16.297 16.486 16.671 16.852 17.034 17.227 17.452 17.739 18.114 18.591 19.174 
