8.773 8.928 9.074 9.215 9.351 9.483 9.612 9.738 9.863 9.989 10.116 10.242 10.359 10.492 10.662 10.872 11.108 11.359 11.621 11.893 12.182 12.496 12.846 13.273 13.525 13.803 14.096 14.389 14.674 14.937 15.161 15.366 15.561 15.75 15.942 16.15 
5.707 6.372 6.825 7.217 7.59 7.995 8.194 9.008 9.685 10.096 10.167 10.24 10.314 10.39 10.467 10.546 10.627 10.711 10.797 10.879 10.957 11.05 11.171 11.326 11.509 11.71 11.925 12.153 12.395 12.657 12.945 13.271 13.664 13.896 14.156 14.431 14.707 14.975 15.217 15.433 15.636 15.829 16.015 16.205 16.418 
5.608 6.084 6.516 6.863 7.133 7.387 7.638 7.882 8.138 8.417 8.754 9.246 9.749 10.257 10.595 10.655 10.717 10.779 10.843 10.909 10.977 11.047 11.119 11.191 11.258 11.33 11.429 11.553 11.705 11.88 12.071 12.275 12.492 12.724 12.976 13.254 13.57 13.951 14.177 14.429 14.693 14.959 15.216 15.448 15.66 15.861 16.052 16.236 16.426 16.641 
5.931 6.608 6.896 7.156 7.408 7.633 7.859 8.089 8.313 8.537 8.766 9.011 9.296 9.719 10.163 10.62 10.929 10.984 11.04 11.098 11.158 11.22 11.284 11.351 11.418 11.479 11.541 11.619 11.721 11.847 11.997 12.168 12.353 12.552 12.763 12.991 13.238 13.51 13.821 14.197 14.421 14.666 14.923 15.182 15.43 15.655 15.864 16.063 16.252 16.436 16.626 16.843 
6.731 7.205 7.627 7.834 8.032 8.217 8.39 8.555 8.721 8.882 9.05 9.229 9.427 9.679 10.058 10.475 10.908 11.202 11.255 11.31 11.366 11.423 11.483 11.545 11.608 11.668 11.724 11.787 11.872 11.976 12.102 12.253 12.422 12.604 12.799 13.008 13.232 13.474 13.742 14.05 14.424 14.646 14.887 15.139 15.39 15.632 15.853 16.059 16.256 16.442 16.627 16.82 17.039 
7.378 7.772 8.112 8.397 8.53 8.657 8.783 8.906 9.031 9.158 9.291 9.427 9.587 9.767 9.996 10.348 10.751 11.169 11.455 11.506 11.56 11.614 11.671 11.73 11.789 11.847 11.901 11.957 12.024 12.113 12.22 12.348 12.498 12.665 12.846 13.039 13.244 13.464 13.703 13.968 14.274 14.647 14.867 15.103 15.351 15.598 15.833 16.05 16.255 16.45 16.634 16.82 17.018 17.238 
7.838 8.067 8.308 8.526 8.729 8.922 9.017 9.115 9.212 9.31 9.414 9.522 9.634 9.759 9.898 10.065 10.281 10.621 11.015 11.423 11.704 11.754 11.807 11.861 11.916 11.974 12.03 12.083 12.133 12.192 12.265 12.356 12.465 12.594 12.745 12.911 13.089 13.279 13.481 13.699 13.935 14.197 14.501 14.875 15.092 15.325 15.569 15.811 16.041 16.256 16.46 16.652 16.835 17.022 17.224 17.447 
8.277 8.472 8.652 8.821 8.989 9.149 9.311 9.394 9.478 9.561 9.652 9.746 9.844 9.952 10.067 10.199 10.357 10.566 10.896 11.283 11.686 11.963 12.013 12.064 12.117 12.171 12.226 12.279 12.328 12.377 12.44 12.518 12.612 12.722 12.853 13.003 13.168 13.344 13.532 13.732 13.947 14.18 14.439 14.742 15.116 15.331 15.561 15.803 16.04 16.266 16.478 16.68 16.871 17.055 17.241 17.446 17.673 
9.698 9.77 9.844 9.921 10.004 10.089 10.179 10.279 10.389 10.515 10.668 10.87 11.192 11.574 11.971 12.245 12.295 12.346 12.398 12.45 12.501 12.549 12.597 12.648 12.716 12.798 12.893 13.005 13.138 13.288 13.452 13.626 13.811 14.008 14.22 14.451 14.708 15.011 15.384 15.599 15.826 16.064 16.297 16.518 16.728 16.928 17.118 17.307 17.49 17.696 17.926 
10.763 10.828 10.898 10.973 11.059 11.149 11.249 11.364 11.504 11.693 11.965 12.339 12.73 12.998 13.046 13.094 13.141 13.186 13.228 13.271 13.323 13.388 13.464 13.55 13.65 13.767 13.902 14.051 14.21 14.379 14.559 14.75 14.955 15.18 15.434 15.739 16.112 16.324 16.548 16.775 16.997 17.211 17.416 17.611 17.799 18.001 18.178 18.386 18.625 
