8.631 8.825 9.012 9.196 9.379 9.559 9.739 9.919 10.099 10.28 10.462 10.635 10.786 10.949 11.143 11.366 11.612 11.877 12.171 12.504 12.894 13.365 13.958 14.785 15.321 15.922 16.55 17.187 17.842 18.49 19.071 19.583 20.083 20.566 21.041 21.528 
4.693 5.372 5.842 6.258 6.664 7.124 7.437 8.43 9.34 9.946 10.056 10.169 10.285 10.406 10.529 10.657 10.787 10.921 11.054 11.176 11.284 11.406 11.556 11.733 11.934 12.153 12.395 12.668 12.983 13.358 13.817 14.409 15.234 15.754 16.325 16.926 17.545 18.188 18.797 19.345 19.854 20.343 20.81 21.273 21.746 
4.548 5.031 5.469 5.826 6.105 6.371 6.636 6.898 7.177 7.489 7.881 8.483 9.164 9.905 10.438 10.535 10.636 10.74 10.848 10.958 11.072 11.189 11.305 11.415 11.513 11.611 11.739 11.893 12.068 12.264 12.479 12.717 12.986 13.298 13.671 14.131 14.733 15.566 16.076 16.631 17.217 17.831 18.459 19.044 19.578 20.078 20.56 21.016 21.469 21.932 
4.854 5.54 5.835 6.101 6.36 6.594 6.83 7.072 7.31 7.552 7.804 8.082 8.42 8.951 9.573 10.263 10.764 10.856 10.952 11.051 11.152 11.257 11.365 11.474 11.578 11.67 11.758 11.865 11.998 12.153 12.328 12.523 12.736 12.973 13.242 13.555 13.929 14.394 15.006 15.847 16.35 16.894 17.473 18.084 18.695 19.264 19.789 20.279 20.754 21.203 21.648 22.106 
5.644 6.126 6.559 6.771 6.975 7.169 7.35 7.525 7.702 7.878 8.064 8.265 8.496 8.801 9.288 9.881 10.546 11.031 11.12 11.213 11.309 11.407 11.508 11.611 11.711 11.803 11.885 11.973 12.089 12.225 12.381 12.558 12.753 12.967 13.204 13.474 13.787 14.164 14.635 15.258 16.103 16.601 17.138 17.711 18.317 18.914 19.473 19.99 20.472 20.937 21.383 21.821 22.278 
6.282 6.683 7.032 7.327 7.466 7.6 7.733 7.866 8.0 8.139 8.286 8.439 8.623 8.835 9.117 9.574 10.153 10.802 11.277 11.364 11.455 11.549 11.644 11.741 11.837 11.928 12.009 12.09 12.184 12.306 12.445 12.603 12.781 12.977 13.191 13.428 13.699 14.014 14.393 14.87 15.504 16.352 16.844 17.375 17.946 18.544 19.131 19.68 20.19 20.666 21.121 21.564 21.998 22.454 
6.729 6.964 7.211 7.436 7.648 7.852 7.953 8.058 8.162 8.269 8.382 8.502 8.628 8.77 8.933 9.132 9.4 9.844 10.413 11.052 11.519 11.605 11.694 11.785 11.877 11.97 12.059 12.14 12.214 12.298 12.401 12.527 12.668 12.828 13.007 13.203 13.418 13.655 13.926 14.243 14.626 15.109 15.754 16.602 17.089 17.617 18.186 18.776 19.354 19.895 20.397 20.869 21.315 21.753 22.183 22.638 
7.162 7.362 7.548 7.724 7.899 8.068 8.24 8.329 8.419 8.51 8.609 8.714 8.824 8.945 9.077 9.233 9.423 9.683 10.116 10.677 11.309 11.77 11.855 11.941 12.03 12.118 12.205 12.287 12.361 12.432 12.522 12.633 12.761 12.904 13.066 13.246 13.443 13.657 13.895 14.167 14.486 14.872 15.363 16.018 16.865 17.349 17.873 18.441 19.022 19.592 20.126 20.62 21.087 21.531 21.96 22.385 22.834 
8.626 8.704 8.785 8.87 8.961 9.056 9.158 9.272 9.399 9.548 9.732 9.985 10.408 10.963 11.588 12.044 12.127 12.212 12.296 12.38 12.459 12.532 12.603 12.678 12.775 12.892 13.022 13.167 13.331 13.512 13.708 13.923 14.162 14.435 14.756 15.146 15.646 16.311 17.156 17.637 18.158 18.723 19.297 19.859 20.386 20.871 21.333 21.781 22.195 22.615 23.05 
9.702 9.775 9.853 9.939 10.036 10.14 10.257 10.394 10.565 10.803 11.172 11.716 12.331 12.772 12.849 12.924 12.997 13.066 13.13 13.193 13.27 13.365 13.475 13.597 13.731 13.881 14.048 14.23 14.426 14.641 14.882 15.158 15.486 15.89 16.412 17.097 17.935 18.415 18.929 19.482 20.044 20.586 21.093 21.561 22.004 22.459 22.838 23.243 23.64 
