9.36 9.508 9.647 9.78 9.909 10.032 10.152 10.268 10.382 10.494 10.606 10.712 10.809 10.913 11.04 11.197 11.377 11.568 11.769 11.979 12.202 12.442 12.705 13.028 13.22 13.43 13.649 13.863 14.07 14.266 14.447 14.643 14.889 15.22 15.652 16.188 
6.447 7.111 7.562 7.952 8.32 8.719 8.902 9.681 10.311 10.686 10.75 10.816 10.882 10.949 11.017 11.086 11.156 11.227 11.297 11.363 11.422 11.489 11.576 11.686 11.818 11.966 12.125 12.295 12.478 12.675 12.89 13.13 13.42 13.592 13.785 13.987 14.186 14.381 14.562 14.742 14.946 15.206 15.551 15.997 16.547 
6.357 6.832 7.263 7.609 7.877 8.13 8.379 8.621 8.874 9.148 9.478 9.954 10.422 10.883 11.185 11.238 11.292 11.346 11.401 11.458 11.515 11.573 11.631 11.687 11.737 11.789 11.858 11.946 12.054 12.179 12.319 12.469 12.631 12.805 12.994 13.199 13.429 13.708 13.875 14.059 14.251 14.442 14.63 14.806 14.986 15.197 15.467 15.825 16.282 16.841 
6.685 7.359 7.647 7.905 8.156 8.381 8.605 8.834 9.056 9.277 9.503 9.743 10.019 10.426 10.835 11.246 11.518 11.566 11.615 11.664 11.715 11.767 11.82 11.873 11.925 11.971 12.016 12.071 12.142 12.23 12.337 12.46 12.596 12.743 12.9 13.071 13.255 13.455 13.681 13.956 14.12 14.298 14.483 14.669 14.85 15.024 15.206 15.422 15.7 16.069 16.536 17.101 
7.488 7.959 8.38 8.586 8.782 8.967 9.138 9.302 9.465 9.625 9.79 9.965 10.159 10.402 10.765 11.147 11.533 11.79 11.836 11.883 11.93 11.978 12.028 12.078 12.126 12.171 12.212 12.257 12.316 12.39 12.479 12.586 12.709 12.843 12.987 13.143 13.31 13.491 13.688 13.911 14.184 14.346 14.52 14.701 14.882 15.059 15.231 15.416 15.636 15.923 16.301 16.774 17.346 
8.137 8.529 8.868 9.151 9.283 9.409 9.533 9.655 9.778 9.903 10.034 10.167 10.324 10.498 10.719 11.054 11.423 11.794 12.042 12.086 12.131 12.177 12.224 12.271 12.317 12.361 12.401 12.441 12.488 12.551 12.627 12.718 12.826 12.948 13.081 13.224 13.378 13.542 13.72 13.914 14.136 14.408 14.568 14.738 14.915 15.093 15.266 15.438 15.625 15.851 16.147 16.531 17.009 17.587 
8.601 8.829 9.068 9.284 9.486 9.677 9.771 9.868 9.963 10.06 10.162 10.267 10.377 10.499 10.634 10.796 11.003 11.327 11.686 12.047 12.289 12.333 12.376 12.421 12.466 12.511 12.554 12.593 12.629 12.671 12.723 12.788 12.865 12.958 13.067 13.189 13.321 13.462 13.614 13.777 13.952 14.143 14.364 14.636 14.794 14.961 15.136 15.311 15.481 15.653 15.843 16.074 16.378 16.769 17.25 17.834 
9.041 9.236 9.414 9.582 9.748 9.907 10.067 10.148 10.23 10.312 10.401 10.494 10.59 10.695 10.807 10.936 11.088 11.288 11.602 11.953 12.308 12.547 12.589 12.631 12.674 12.717 12.759 12.799 12.834 12.87 12.914 12.971 13.038 13.117 13.211 13.321 13.442 13.573 13.713 13.863 14.024 14.196 14.386 14.606 14.878 15.034 15.199 15.372 15.544 15.712 15.884 16.078 16.314 16.625 17.024 17.51 18.096 
10.454 10.525 10.597 10.673 10.754 10.837 10.925 11.022 11.129 11.251 11.398 11.592 11.897 12.243 12.593 12.827 12.868 12.91 12.951 12.991 13.029 13.065 13.099 13.136 13.185 13.244 13.313 13.394 13.491 13.601 13.722 13.852 13.99 14.139 14.297 14.467 14.655 14.876 15.147 15.302 15.465 15.636 15.805 15.972 16.145 16.342 16.585 16.898 17.309 17.801 18.387 
11.516 11.58 11.648 11.721 11.804 11.892 11.988 12.099 12.233 12.412 12.667 13.006 13.347 13.573 13.61 13.647 13.682 13.715 13.747 13.778 13.816 13.863 13.919 13.982 14.056 14.141 14.241 14.352 14.472 14.599 14.734 14.878 15.032 15.197 15.383 15.607 15.878 16.031 16.191 16.355 16.518 16.684 16.861 17.067 17.326 17.646 18.083 18.587 19.172 
